7
-10 10
-8 4
0 10
10 10
10 -10
-10 -10
-2 -4
2
0.25 -0.25 0.25 0.25 1 -1
0.25 -0.25 0.25 0.25 1 -1






57
106 112
196 114
69 162
75 182
86 199
101 214
117 223
133 231
171 229
194 224
206 214
219 204
229 190
235 176
240 160
15 104
21 93
29 79
38 69
49 56
62 40
74 34
85 26
102 18
126 11
145 9
171 11
196 15
216 24
232 29
245 39
258 61
268 78
282 98
284 116
286 140
288 161
287 193
273 213
254 236
241 257
218 272
198 281
165 290
139 290
113 288
92 279
70 268
48 251
48 251
22 213
155 233
35 233
13 191
8 168
9 147
11 130
2
0.25 -0.25 0.25 0.25 1 -1
0.25 -0.25 0.25 0.25 1 -1







4
-2 2
2 2
2 -2
-2 -2
2
2 -1 1 1 0 0 
2 -1 1 1 0 0